date,open,high,low,close,adjusted_close,volume,index,currency,epsActual,epsEstimate,epsDifference,surprisePercent,outstandingShares
2023-07-31,28.17,28.26,27.96,28.07,28.07,185900,335,USD,0.26,0.28,-0.02,-7.1429,
2023-07-28,28.09,28.35,27.93,28.16,28.16,280200,338,USD,0.26,0.28,-0.02,-7.1429,
2023-07-27,28.27,28.27,27.54,27.68,27.68,162700,339,USD,0.26,0.28,-0.02,-7.1429,
2023-07-26,27.62,28.29,27.59,28.02,28.02,302400,340,USD,0.26,0.28,-0.02,-7.1429,
2023-07-25,27.76,27.97,27.56,27.72,27.72,175300,341,USD,0.26,0.28,-0.02,-7.1429,
2023-07-24,27.82,28.14,27.76,27.8,27.8,188500,342,USD,0.26,0.28,-0.02,-7.1429,
2023-07-21,27.88,28.01,27.32,27.89,27.89,481900,345,USD,0.26,0.28,-0.02,-7.1429,
2023-07-20,27.56,27.78,27.34,27.74,27.74,219500,346,USD,0.26,0.28,-0.02,-7.1429,
2023-07-19,27.2,27.79,27.2,27.59,27.59,236000,347,USD,0.26,0.28,-0.02,-7.1429,
2023-07-18,26.63,27.22,26.57,27.2,27.2,181800,348,USD,0.26,0.28,-0.02,-7.1429,
2023-07-17,25.63,26.75,25.63,26.65,26.65,285700,349,USD,0.26,0.28,-0.02,-7.1429,
2023-07-14,25.69,25.77,25.095,25.7,25.7,213700,352,USD,0.26,0.28,-0.02,-7.1429,
2023-07-13,25.05,25.73,24.99,25.72,25.72,160600,353,USD,0.26,0.28,-0.02,-7.1429,
2023-07-12,24.94,24.96,24.6,24.86,24.86,248600,354,USD,0.26,0.28,-0.02,-7.1429,
2023-07-11,24.31,24.485,24.08,24.43,24.43,163600,355,USD,0.26,0.28,-0.02,-7.1429,
2023-07-10,23.86,24.31,23.83,24.28,24.28,134900,356,USD,0.26,0.28,-0.02,-7.1429,
2023-07-07,23.5,24.03,23.5,23.86,23.86,152500,359,USD,0.26,0.28,-0.02,-7.1429,
2023-07-06,23.72,23.845,23.24,23.36,23.36,146000,360,USD,0.26,0.28,-0.02,-7.1429,
2023-07-05,24.61,24.61,24.09,24.1,24.1,203800,361,USD,0.26,0.28,-0.02,-7.1429,
2023-07-03,24.72,24.83,24.49,24.72,24.72,220900,363,USD,0.26,0.28,-0.02,-7.1429,
2023-06-30,24.53,24.84,24.43,24.81,24.81,468700,366,USD,0.26,0.28,-0.02,-7.1429,65739500.00000001
2023-06-29,23.65,24.365,23.55,24.21,24.21,243900,367,USD,0.24,0.28,-0.04,-14.2857,62805800
2023-06-28,23.66,23.755,23.5,23.6,23.6,215200,368,USD,0.24,0.28,-0.04,-14.2857,62805800
2023-06-27,23.64,23.89,23.395,23.63,23.63,265700,369,USD,0.24,0.28,-0.04,-14.2857,62805800
2023-06-26,22.99,23.71,22.99,23.5,23.5,296500,370,USD,0.24,0.28,-0.04,-14.2857,62805800
2023-06-23,23.47,23.595,22.975,23.05,23.05,739300,373,USD,0.24,0.28,-0.04,-14.2857,62805800
2023-06-22,24.15,24.18,23.425,23.84,23.84,241200,374,USD,0.24,0.28,-0.04,-14.2857,62805800
2023-06-21,24.31,24.53,24.135,24.27,24.27,174900,375,USD,0.24,0.28,-0.04,-14.2857,62805800
2023-06-20,24.59,24.695,24.175,24.47,24.47,241300,376,USD,0.24,0.28,-0.04,-14.2857,62805800
2023-06-16,24.98,25.16,24.56,24.82,24.82,478400,380,USD,0.24,0.28,-0.04,-14.2857,62805800
2023-06-15,24.13,24.81,24.08,24.77,24.77,713400,381,USD,0.24,0.28,-0.04,-14.2857,62805800
2023-06-14,24.54,24.74,24.13,24.2,24.2,289700,382,USD,0.24,0.28,-0.04,-14.2857,62805800
2023-06-13,25.07,25.45,24.61,24.8,24.35,479000,383,USD,0.24,0.28,-0.04,-14.2857,62805800
2023-06-12,24.95,25.11,24.81,25.0,24.5464,278900,384,USD,0.24,0.28,-0.04,-14.2857,62805800
2023-06-09,25.13,25.13,24.81,24.95,24.4973,277800,387,USD,0.24,0.28,-0.04,-14.2857,62805800
2023-06-08,24.95,25.24,24.78,25.16,24.7035,239900,388,USD,0.24,0.28,-0.04,-14.2857,62805800
2023-06-07,24.84,25.3,24.64,25.07,24.6151,308800,389,USD,0.24,0.28,-0.04,-14.2857,62805800
2023-06-06,23.63,25.066,23.53,24.7,24.2518,274400,390,USD,0.24,0.28,-0.04,-14.2857,62805800
2023-06-05,23.37,23.65,23.23,23.41,22.9852,253500,391,USD,0.24,0.28,-0.04,-14.2857,62805800
2023-06-02,23.25,23.92,22.51,23.48,23.054,404900,394,USD,0.24,0.28,-0.04,-14.2857,62805800
2023-06-01,22.19,23.41,22.16,22.98,22.563,544500,395,USD,0.24,0.28,-0.04,-14.2857,62805800
2023-05-31,21.35,21.81,21.255,21.51,21.1197,300200,396,USD,0.24,0.28,-0.04,-14.2857,62805800
2023-05-30,21.69,21.76,21.08,21.47,21.0804,393700,397,USD,0.24,0.28,-0.04,-14.2857,62805800
2023-05-26,21.2,21.82,21.2,21.66,21.267,297800,401,USD,0.24,0.28,-0.04,-14.2857,62805800
2023-05-25,21.45,21.45,19.83,21.14,20.7564,354100,402,USD,0.24,0.28,-0.04,-14.2857,62805800
2023-05-24,22.07,22.29,21.75,21.89,21.4928,287500,403,USD,0.24,0.28,-0.04,-14.2857,62805800
2023-05-23,22.52,23.16,22.26,22.28,21.8757,247600,404,USD,0.24,0.28,-0.04,-14.2857,62805800
2023-05-22,22.57,22.71,22.36,22.58,22.1703,203600,405,USD,0.24,0.28,-0.04,-14.2857,62805800
2023-05-19,22.47,22.58,22.19,22.46,22.0525,193000,408,USD,0.24,0.28,-0.04,-14.2857,62805800
2023-05-18,22.48,22.5,22.14,22.19,21.7874,204300,409,USD,0.24,0.28,-0.04,-14.2857,62805800
2023-05-17,21.82,22.53,21.61,22.49,22.0819,292100,410,USD,0.24,0.28,-0.04,-14.2857,62805800
2023-05-16,21.86,22.0,21.591,21.64,21.2473,117800,411,USD,0.24,0.28,-0.04,-14.2857,62805800
2023-05-15,21.87,22.07,21.785,22.0,21.6008,223700,412,USD,0.24,0.28,-0.04,-14.2857,62805800
2023-05-12,21.76,21.95,21.415,21.8,21.4044,114000,415,USD,0.24,0.28,-0.04,-14.2857,62805800
2023-05-11,21.54,22.115,21.44,21.65,21.2572,146500,416,USD,0.24,0.28,-0.04,-14.2857,62805800
2023-05-10,22.3,22.64,21.61,21.76,21.3652,137400,417,USD,0.24,0.28,-0.04,-14.2857,62805800
2023-05-09,21.78,21.99,21.57,21.91,21.5124,140300,418,USD,0.24,0.28,-0.04,-14.2857,62805800
2023-05-08,22.3,22.3,21.78,21.85,21.4535,321400,419,USD,0.24,0.28,-0.04,-14.2857,62805800
2023-05-05,21.75,22.14,21.344,22.1,21.699,253400,422,USD,0.24,0.28,-0.04,-14.2857,62805800
2023-05-04,21.35,21.455,20.75,21.1,20.7171,222700,423,USD,0.24,0.28,-0.04,-14.2857,62805800
2023-05-03,21.97,22.12,21.42,21.54,21.1492,267800,424,USD,0.24,0.28,-0.04,-14.2857,62805800
2023-05-02,22.2,22.2,21.34,21.88,21.483,209700,425,USD,0.24,0.28,-0.04,-14.2857,62805800
2023-05-01,22.05,22.85,22.05,22.43,22.023,273900,426,USD,0.24,0.28,-0.04,-14.2857,62805800
2023-04-28,21.86,22.17,21.68,22.03,21.6303,380800,429,USD,0.24,0.28,-0.04,-14.2857,62805800
2023-04-27,22.16,22.39,21.23,21.84,21.4437,476000,430,USD,0.24,0.28,-0.04,-14.2857,62805800
2023-04-26,22.57,22.79,21.94,22.06,21.6597,306200,431,USD,0.24,0.28,-0.04,-14.2857,62805800
2023-04-25,22.91,23.51,22.55,22.76,22.347,218900,432,USD,0.24,0.28,-0.04,-14.2857,62805800
2023-04-24,23.23,23.4,22.94,23.18,22.7594,312500,433,USD,0.24,0.28,-0.04,-14.2857,62805800
2023-04-21,22.58,23.27,22.45,23.24,22.8183,496000,436,USD,0.24,0.28,-0.04,-14.2857,62805800
2023-04-20,22.48,22.68,22.41,22.59,22.1801,304800,437,USD,0.24,0.28,-0.04,-14.2857,62805800
2023-04-19,22.02,22.8,21.99,22.72,22.3077,398600,438,USD,0.24,0.28,-0.04,-14.2857,62805800
2023-04-18,22.77,23.02,22.045,22.08,21.6794,228800,439,USD,0.24,0.28,-0.04,-14.2857,62805800
2023-04-17,22.68,22.81,22.47,22.63,22.2194,145200,440,USD,0.24,0.28,-0.04,-14.2857,62805800
2023-04-14,23.19,23.39,22.705,22.85,22.4354,175800,443,USD,0.24,0.28,-0.04,-14.2857,62805800
2023-04-13,23.25,23.45,23.06,23.19,22.7692,323800,444,USD,0.24,0.28,-0.04,-14.2857,62805800
2023-04-12,23.46,23.65,22.99,23.21,22.7889,278000,445,USD,0.24,0.28,-0.04,-14.2857,62805800
2023-04-11,23.04,23.73,22.99,23.29,22.8674,307400,446,USD,0.24,0.28,-0.04,-14.2857,62805800
2023-04-10,22.85,23.17,22.72,22.96,22.5434,245700,447,USD,0.24,0.28,-0.04,-14.2857,62805800
2023-04-06,22.86,23.215,22.52,23.0,22.5827,242000,451,USD,0.24,0.28,-0.04,-14.2857,62805800
2023-04-05,23.23,23.23,22.52,22.88,22.4648,399700,452,USD,0.24,0.28,-0.04,-14.2857,62805800
2023-04-04,23.67,23.685,23.15,23.49,23.0638,182800,453,USD,0.24,0.28,-0.04,-14.2857,62805800
2023-04-03,24.33,24.33,23.43,23.64,23.211,166700,454,USD,0.24,0.28,-0.04,-14.2857,62805800
2023-03-31,23.53,24.41,23.53,24.27,23.8296,412200,457,USD,0.24,0.28,-0.04,-14.2857,62805800
2023-03-30,24.11,24.22,23.24,23.32,22.8969,231000,458,USD,0.27,0.28,-0.01,-3.5714,62192900
2023-03-29,24.17,24.17,23.68,23.95,23.5154,474200,459,USD,0.27,0.28,-0.01,-3.5714,62192900
2023-03-28,23.73,24.0,23.39,23.94,23.5056,339800,460,USD,0.27,0.28,-0.01,-3.5714,62192900
2023-03-27,24.04,24.12,23.56,23.87,23.4369,248700,461,USD,0.27,0.28,-0.01,-3.5714,62192900
2023-03-24,23.44,23.73,23.14,23.62,23.1914,183500,464,USD,0.27,0.28,-0.01,-3.5714,62192900
2023-03-23,24.18,24.5,23.577,23.78,23.3485,266000,465,USD,0.27,0.28,-0.01,-3.5714,62192900
2023-03-22,24.91,25.14,24.085,24.12,23.6823,248900,466,USD,0.27,0.28,-0.01,-3.5714,62192900
2023-03-21,24.65,25.09,24.36,25.02,24.566,160900,467,USD,0.27,0.28,-0.01,-3.5714,62192900
2023-03-20,24.19,24.285,23.69,24.02,23.5842,165400,468,USD,0.27,0.28,-0.01,-3.5714,62192900
2023-03-17,24.1,24.23,23.53,23.9,23.4663,376700,471,USD,0.27,0.28,-0.01,-3.5714,62192900
2023-03-16,23.77,24.49,23.55,24.31,23.8689,334200,472,USD,0.27,0.28,-0.01,-3.5714,62192900
2023-03-15,22.76,24.15,22.578,24.08,23.6431,438200,473,USD,0.27,0.28,-0.01,-3.5714,62192900
2023-03-14,24.28,24.32,23.25,23.45,23.0245,551300,474,USD,0.27,0.28,-0.01,-3.5714,62192900
2023-03-13,22.9,23.935,21.98,23.11,22.6907,663200,475,USD,0.27,0.28,-0.01,-3.5714,62192900
2023-03-10,26.98,26.98,23.4,23.6,23.1718,1324300,478,USD,0.27,0.28,-0.01,-3.5714,62192900
2023-03-09,28.48,28.85,27.13,27.13,26.6377,192800,479,USD,0.27,0.28,-0.01,-3.5714,62192900
2023-03-08,28.26,28.64,28.01,28.58,28.0614,149900,480,USD,0.27,0.28,-0.01,-3.5714,62192900
2023-03-07,29.01,29.175,28.14,28.19,27.6785,203000,481,USD,0.27,0.28,-0.01,-3.5714,62192900
2023-03-06,29.52,31.016,29.0,29.14,28.6113,265300,482,USD,0.27,0.28,-0.01,-3.5714,62192900
2023-03-03,29.07,29.38,28.97,29.34,28.8076,208200,485,USD,0.27,0.28,-0.01,-3.5714,62192900
2023-03-02,28.7,29.4,28.53,28.92,28.3952,149400,486,USD,0.27,0.28,-0.01,-3.5714,62192900
2023-03-01,28.6,29.06,28.13,29.02,28.4934,226300,487,USD,0.27,0.28,-0.01,-3.5714,62192900
2023-02-28,28.34,29.1,28.33,28.6,28.081,344500,488,USD,0.27,0.28,-0.01,-3.5714,62192900
2023-02-27,28.27,28.74,28.04,28.3,27.7865,150100,489,USD,0.27,0.28,-0.01,-3.5714,62192900
2023-02-24,28.46,28.81,27.985,28.24,27.5332,304600,492,USD,0.27,0.28,-0.01,-3.5714,62192900
2023-02-23,28.8,28.98,28.51,28.85,28.1279,344000,493,USD,0.27,0.28,-0.01,-3.5714,62192900
2023-02-22,28.55,29.11,28.2,28.59,27.8744,362600,494,USD,0.27,0.28,-0.01,-3.5714,62192900
2023-02-21,28.67,28.81,28.3,28.52,27.8062,331800,495,USD,0.27,0.28,-0.01,-3.5714,62192900
2023-02-17,29.19,29.35,28.805,29.13,28.4009,280800,499,USD,0.27,0.28,-0.01,-3.5714,62192900
2023-02-16,28.96,29.435,28.87,29.13,28.4009,305100,500,USD,0.27,0.28,-0.01,-3.5714,62192900
2023-02-15,28.86,29.51,28.609,29.44,28.7031,458700,501,USD,0.27,0.28,-0.01,-3.5714,62192900
2023-02-14,28.85,29.37,28.33,28.97,28.2449,549800,502,USD,0.27,0.28,-0.01,-3.5714,62192900
2023-02-13,29.62,29.62,27.73,28.96,28.2352,437100,503,USD,0.27,0.28,-0.01,-3.5714,62192900
2023-02-10,28.72,30.13,28.27,29.6,28.8591,302900,506,USD,0.27,0.28,-0.01,-3.5714,62192900
2023-02-09,30.91,31.11,29.79,29.79,29.0444,320300,507,USD,0.27,0.28,-0.01,-3.5714,62192900
2023-02-08,30.78,31.29,30.44,30.49,29.7269,281100,508,USD,0.27,0.28,-0.01,-3.5714,62192900
2023-02-07,29.76,31.07,29.06,30.94,30.1656,396100,509,USD,0.27,0.28,-0.01,-3.5714,62192900
2023-02-06,30.3,30.315,29.835,30.15,29.3954,214100,510,USD,0.27,0.28,-0.01,-3.5714,62192900
2023-02-03,30.36,31.265,30.29,30.64,29.8731,283600,513,USD,0.27,0.28,-0.01,-3.5714,62192900
2023-02-02,30.02,31.12,29.82,30.79,30.0193,463000,514,USD,0.27,0.28,-0.01,-3.5714,62192900
2023-02-01,29.14,29.86,28.48,29.64,28.8981,339400,515,USD,0.27,0.28,-0.01,-3.5714,62192900
2023-01-31,28.78,29.23,28.55,29.19,28.4594,376800,516,USD,0.27,0.28,-0.01,-3.5714,62192900
2023-01-30,28.77,29.171,28.48,28.62,27.9037,181700,517,USD,0.27,0.28,-0.01,-3.5714,62192900
2023-01-27,28.08,29.65,27.76,29.1,28.3716,532500,520,USD,0.27,0.28,-0.01,-3.5714,62192900
2023-01-26,28.37,28.385,27.87,28.01,27.3089,305400,521,USD,0.27,0.28,-0.01,-3.5714,62192900
2023-01-25,28.03,28.17,27.56,28.08,27.3772,94700,522,USD,0.27,0.28,-0.01,-3.5714,62192900
2023-01-24,28.36,28.6,28.2,28.28,27.5722,117700,523,USD,0.27,0.28,-0.01,-3.5714,62192900
2023-01-23,28.2,29.05,27.92,28.47,27.7574,218100,524,USD,0.27,0.28,-0.01,-3.5714,62192900
2023-01-20,28.39,28.51,28.01,28.09,27.3869,289500,527,USD,0.27,0.28,-0.01,-3.5714,62192900
2023-01-19,27.79,28.2,27.26,28.07,27.3674,186200,528,USD,0.27,0.28,-0.01,-3.5714,62192900
2023-01-18,28.75,29.56,28.12,28.18,27.4747,188600,529,USD,0.27,0.28,-0.01,-3.5714,62192900
2023-01-17,28.55,28.83,28.24,28.65,27.9329,280400,530,USD,0.27,0.28,-0.01,-3.5714,62192900
2023-01-13,28.02,29.35,27.52,28.75,28.0304,119800,534,USD,0.27,0.28,-0.01,-3.5714,62192900
2023-01-12,28.13,28.805,27.23,28.34,27.6307,252500,535,USD,0.27,0.28,-0.01,-3.5714,62192900
2023-01-11,27.02,27.97,26.94,27.91,27.2114,240900,536,USD,0.27,0.28,-0.01,-3.5714,62192900
2023-01-10,26.29,27.015,26.15,26.77,26.1,124300,537,USD,0.27,0.28,-0.01,-3.5714,62192900
2023-01-09,26.37,27.04,26.3,26.37,25.71,220800,538,USD,0.27,0.28,-0.01,-3.5714,62192900
2023-01-06,25.73,26.1,25.255,26.07,25.4175,222400,541,USD,0.27,0.28,-0.01,-3.5714,62192900
2023-01-05,25.59,26.19,25.06,25.37,24.735,325000,542,USD,0.27,0.28,-0.01,-3.5714,62192900
2023-01-04,25.23,25.83,24.945,25.78,25.1347,474100,543,USD,0.27,0.28,-0.01,-3.5714,62192900
2023-01-03,25.57,25.86,24.58,24.91,24.2865,338400,544,USD,0.27,0.28,-0.01,-3.5714,62192900
2022-12-30,25.0,25.365,24.92,25.18,24.5498,283000,548,USD,0.33,0.27,0.06,22.2222,61407800
2022-12-29,25.38,25.5,25.1,25.28,24.6473,314100,549,USD,0.33,0.27,0.06,22.2222,61407800
2022-12-28,25.42,25.42,24.34,25.01,24.384,217700,550,USD,0.33,0.27,0.06,22.2222,61407800
2022-12-27,26.05,26.335,25.13,25.35,24.7155,167000,551,USD,0.33,0.27,0.06,22.2222,61407800
2022-12-23,25.77,26.229,25.39,25.85,25.203,193400,555,USD,0.33,0.27,0.06,22.2222,61407800
2022-12-22,26.34,26.36,25.69,25.76,25.1152,286900,556,USD,0.33,0.27,0.06,22.2222,61407800
2022-12-21,26.37,26.81,26.2,26.71,26.0415,187000,557,USD,0.33,0.27,0.06,22.2222,61407800
2022-12-20,26.0,26.36,25.68,26.1,25.4467,243300,558,USD,0.33,0.27,0.06,22.2222,61407800
2022-12-19,26.44,26.72,25.84,25.96,25.3102,320000,559,USD,0.33,0.27,0.06,22.2222,61407800
2022-12-16,27.03,27.53,26.21,26.46,25.7977,462000,562,USD,0.33,0.27,0.06,22.2222,61407800
2022-12-15,27.57,28.03,27.06,27.46,26.7727,218800,563,USD,0.33,0.27,0.06,22.2222,61407800
2022-12-14,28.63,28.89,27.87,28.06,27.3577,269300,564,USD,0.33,0.27,0.06,22.2222,61407800
2022-12-13,29.84,30.185,28.59,28.7,27.9817,323300,565,USD,0.33,0.27,0.06,22.2222,61407800
2022-12-12,29.2,29.28,28.45,28.67,27.9524,238300,566,USD,0.33,0.27,0.06,22.2222,61407800
2022-12-09,28.78,29.16,28.72,28.94,28.2157,148700,569,USD,0.33,0.27,0.06,22.2222,61407800
2022-12-08,28.5,29.14,28.33,28.99,28.2644,158000,570,USD,0.33,0.27,0.06,22.2222,61407800
2022-12-07,28.44,28.6,28.02,28.34,27.6307,127300,571,USD,0.33,0.27,0.06,22.2222,61407800
2022-12-06,28.99,29.12,28.3,28.42,27.7087,128800,572,USD,0.33,0.27,0.06,22.2222,61407800
2022-12-05,29.7,29.7,28.69,28.96,28.2352,173100,573,USD,0.33,0.27,0.06,22.2222,61407800
2022-12-02,29.81,30.3,29.51,30.05,29.2979,107000,576,USD,0.33,0.27,0.06,22.2222,61407800
2022-12-01,30.19,30.36,29.71,30.29,29.5319,150600,577,USD,0.33,0.27,0.06,22.2222,61407800
2022-11-30,29.48,30.08,28.81,29.98,29.2296,243000,578,USD,0.33,0.27,0.06,22.2222,61407800
2022-11-29,29.36,30.04,29.24,29.36,28.6251,104700,579,USD,0.33,0.27,0.06,22.2222,61407800
2022-11-28,30.26,30.53,29.475,29.55,28.6173,161700,580,USD,0.33,0.27,0.06,22.2222,61407800
2022-11-25,30.65,30.95,30.54,30.57,29.6051,32400,583,USD,0.33,0.27,0.06,22.2222,61407800
2022-11-23,30.62,31.025,29.78,30.72,29.7504,130800,585,USD,0.33,0.27,0.06,22.2222,61407800
2022-11-22,30.17,30.98,29.889,30.66,29.6923,225000,586,USD,0.33,0.27,0.06,22.2222,61407800
2022-11-21,29.66,30.15,29.448,29.96,29.0144,292400,587,USD,0.33,0.27,0.06,22.2222,61407800
2022-11-18,30.22,30.22,29.41,29.67,28.7336,226300,590,USD,0.33,0.27,0.06,22.2222,61407800
2022-11-17,30.02,30.31,29.22,29.6,28.6658,127600,591,USD,0.33,0.27,0.06,22.2222,61407800
2022-11-16,31.02,31.02,30.46,30.54,29.5761,128600,592,USD,0.33,0.27,0.06,22.2222,61407800
2022-11-15,31.35,31.83,31.08,31.33,30.3412,329700,593,USD,0.33,0.27,0.06,22.2222,61407800
2022-11-14,31.69,31.955,30.551,30.74,29.7698,181700,594,USD,0.33,0.27,0.06,22.2222,61407800
2022-11-11,30.43,32.12,30.28,31.98,30.9706,393500,597,USD,0.33,0.27,0.06,22.2222,61407800
2022-11-10,30.44,31.175,29.77,30.28,29.3243,1293900,598,USD,0.33,0.27,0.06,22.2222,61407800
2022-11-09,29.1,29.7,28.75,28.95,28.0363,216400,599,USD,0.33,0.27,0.06,22.2222,61407800
2022-11-08,30.08,30.08,28.93,29.37,28.443,270800,600,USD,0.33,0.27,0.06,22.2222,61407800
2022-11-07,29.95,30.17,29.37,29.86,28.9176,211800,601,USD,0.33,0.27,0.06,22.2222,61407800
2022-11-04,28.39,30.43,28.27,29.57,28.6367,367900,604,USD,0.33,0.27,0.06,22.2222,61407800
2022-11-03,28.66,29.525,28.24,28.66,27.7554,290100,605,USD,0.33,0.27,0.06,22.2222,61407800
2022-11-02,29.95,30.7,29.25,29.28,28.3559,302000,606,USD,0.33,0.27,0.06,22.2222,61407800
2022-11-01,29.88,30.24,29.68,29.98,29.0338,263100,607,USD,0.33,0.27,0.06,22.2222,61407800
2022-10-31,29.86,30.45,29.22,29.52,28.5883,392300,608,USD,0.33,0.27,0.06,22.2222,61407800
2022-10-28,28.67,29.99,28.09,29.98,29.0338,235900,611,USD,0.33,0.27,0.06,22.2222,61407800
2022-10-27,28.71,29.125,28.37,28.66,27.7554,207600,612,USD,0.33,0.27,0.06,22.2222,61407800
2022-10-26,27.76,29.09,27.455,28.41,27.5133,245700,613,USD,0.33,0.27,0.06,22.2222,61407800
2022-10-25,26.27,27.79,26.205,27.78,26.9032,236400,614,USD,0.33,0.27,0.06,22.2222,61407800
2022-10-24,25.97,26.38,25.54,26.24,25.4118,123100,615,USD,0.33,0.27,0.06,22.2222,61407800
2022-10-21,24.45,26.04,23.731,25.78,24.9663,318200,618,USD,0.33,0.27,0.06,22.2222,61407800
2022-10-20,25.02,25.74,24.21,24.41,23.6396,239200,619,USD,0.33,0.27,0.06,22.2222,61407800
2022-10-19,25.5,25.54,24.57,24.98,24.1916,218800,620,USD,0.33,0.27,0.06,22.2222,61407800
2022-10-18,26.6,26.82,25.81,25.99,25.1697,154800,621,USD,0.33,0.27,0.06,22.2222,61407800
2022-10-17,25.48,26.23,25.48,25.91,25.0922,141500,622,USD,0.33,0.27,0.06,22.2222,61407800
2022-10-14,25.92,26.32,24.75,24.84,24.056,108800,625,USD,0.33,0.27,0.06,22.2222,61407800
2022-10-13,24.01,25.87,23.5,25.59,24.7823,179000,626,USD,0.33,0.27,0.06,22.2222,61407800
2022-10-12,25.07,25.07,24.355,24.71,23.9301,246700,627,USD,0.33,0.27,0.06,22.2222,61407800
2022-10-11,25.4,25.77,24.61,25.01,24.2206,269000,628,USD,0.33,0.27,0.06,22.2222,61407800
2022-10-10,25.74,25.9,25.38,25.59,24.7823,270100,629,USD,0.33,0.27,0.06,22.2222,61407800
2022-10-07,26.52,26.52,25.44,25.74,24.9276,337100,632,USD,0.33,0.27,0.06,22.2222,61407800
2022-10-06,26.79,27.2,26.575,26.89,26.0413,148400,633,USD,0.33,0.27,0.06,22.2222,61407800
2022-10-05,26.35,27.08,26.05,26.99,26.1381,149600,634,USD,0.33,0.27,0.06,22.2222,61407800
2022-10-04,26.61,27.29,26.61,26.89,26.0413,206400,635,USD,0.33,0.27,0.06,22.2222,61407800
2022-10-03,24.73,26.14,24.43,25.98,25.16,270400,636,USD,0.33,0.27,0.06,22.2222,61407800
2022-09-30,25.32,25.32,24.43,24.51,23.7364,199600,639,USD,0.33,0.27,0.06,22.2222,61407800
2022-09-29,24.84,25.12,24.34,24.97,24.1819,222900,640,USD,0.41,0.36,0.05,13.8889,61144100
2022-09-28,25.22,25.58,24.91,25.27,24.4724,216000,641,USD,0.41,0.36,0.05,13.8889,61144100
2022-09-27,25.78,26.05,24.66,24.93,24.1432,200900,642,USD,0.41,0.36,0.05,13.8889,61144100
2022-09-26,25.79,26.27,25.375,25.48,24.6758,202700,643,USD,0.41,0.36,0.05,13.8889,61144100
2022-09-23,26.2,26.495,25.245,25.89,25.0729,309800,646,USD,0.41,0.36,0.05,13.8889,61144100
2022-09-22,27.64,27.93,26.335,26.5,25.6636,219500,647,USD,0.41,0.36,0.05,13.8889,61144100
2022-09-21,28.06,28.47,27.49,27.71,26.8354,132100,648,USD,0.41,0.36,0.05,13.8889,61144100
2022-09-20,28.37,28.449,27.66,27.89,27.0097,100300,649,USD,0.41,0.36,0.05,13.8889,61144100
2022-09-19,27.47,28.76,27.47,28.71,27.8039,161900,650,USD,0.41,0.36,0.05,13.8889,61144100
2022-09-16,28.27,28.35,27.66,27.9,27.0194,378900,653,USD,0.41,0.36,0.05,13.8889,61144100
2022-09-15,28.74,29.345,28.35,28.59,27.6876,173900,654,USD,0.41,0.36,0.05,13.8889,61144100
2022-09-14,28.64,28.96,28.35,28.91,27.9975,241800,655,USD,0.41,0.36,0.05,13.8889,61144100
2022-09-13,29.64,29.64,28.38,28.64,27.7361,227500,656,USD,0.41,0.36,0.05,13.8889,61144100
2022-09-12,30.42,30.65,29.87,30.54,29.5761,228000,657,USD,0.41,0.36,0.05,13.8889,61144100
2022-09-09,29.25,30.15,29.25,30.11,29.1597,252400,660,USD,0.41,0.36,0.05,13.8889,61144100
2022-09-08,27.95,29.06,27.87,29.04,28.1234,167300,661,USD,0.41,0.36,0.05,13.8889,61144100
2022-09-07,27.45,28.42,27.4,28.37,27.4746,275200,662,USD,0.41,0.36,0.05,13.8889,61144100
2022-09-06,26.86,27.51,26.44,27.06,26.2059,129700,663,USD,0.41,0.36,0.05,13.8889,61144100
2022-09-02,27.18,27.29,26.44,26.67,25.8282,204800,667,USD,0.41,0.36,0.05,13.8889,61144100
2022-09-01,27.01,27.01,25.76,26.7,25.8573,234800,668,USD,0.41,0.36,0.05,13.8889,61144100
2022-08-31,27.21,28.39,26.99,27.29,26.4287,156200,669,USD,0.41,0.36,0.05,13.8889,61144100
2022-08-30,27.56,27.77,27.05,27.23,26.3706,194200,670,USD,0.41,0.36,0.05,13.8889,61144100
2022-08-29,27.67,28.05,27.355,27.47,26.4112,181400,671,USD,0.41,0.36,0.05,13.8889,61144100
2022-08-26,29.38,29.42,27.52,27.94,26.8631,233500,674,USD,0.41,0.36,0.05,13.8889,61144100
2022-08-25,29.55,29.905,29.19,29.38,28.2476,223400,675,USD,0.41,0.36,0.05,13.8889,61144100
2022-08-24,28.83,29.8,28.81,29.22,28.0938,145700,676,USD,0.41,0.36,0.05,13.8889,61144100
2022-08-23,29.27,29.62,28.935,29.01,27.8919,239500,677,USD,0.41,0.36,0.05,13.8889,61144100
2022-08-22,28.97,29.4,28.65,29.3,28.1707,259800,678,USD,0.41,0.36,0.05,13.8889,61144100
2022-08-19,30.32,30.4,29.31,29.51,28.3726,272000,681,USD,0.41,0.36,0.05,13.8889,61144100
2022-08-18,30.43,30.82,30.13,30.66,29.4783,207900,682,USD,0.41,0.36,0.05,13.8889,61144100
2022-08-17,29.91,30.55,29.74,30.53,29.3533,227100,683,USD,0.41,0.36,0.05,13.8889,61144100
2022-08-16,29.98,30.53,29.87,30.4,29.2283,359200,684,USD,0.41,0.36,0.05,13.8889,61144100
2022-08-15,29.42,30.33,29.36,30.31,29.1418,281300,685,USD,0.41,0.36,0.05,13.8889,61144100
2022-08-12,29.3,29.79,28.84,29.79,28.6418,161800,688,USD,0.41,0.36,0.05,13.8889,61144100
2022-08-11,29.33,29.59,28.83,29.03,27.9111,139500,689,USD,0.41,0.36,0.05,13.8889,61144100
2022-08-10,28.3,29.34,28.3,28.83,27.7188,238000,690,USD,0.41,0.36,0.05,13.8889,61144100
2022-08-09,27.33,27.56,26.885,27.53,26.4689,288500,691,USD,0.41,0.36,0.05,13.8889,61144100
2022-08-08,28.51,28.52,27.48,27.66,26.5939,214700,692,USD,0.41,0.36,0.05,13.8889,61144100
2022-08-05,28.57,28.824,26.69,27.97,26.892,426500,695,USD,0.41,0.36,0.05,13.8889,61144100
2022-08-04,27.86,28.985,27.77,28.65,27.5458,427000,696,USD,0.41,0.36,0.05,13.8889,61144100
2022-08-03,27.38,28.33,27.13,28.11,27.0266,197600,697,USD,0.41,0.36,0.05,13.8889,61144100
2022-08-02,26.7,27.4,26.61,27.08,26.0363,180800,698,USD,0.41,0.36,0.05,13.8889,61144100
2022-08-01,26.3,27.09,25.91,26.95,25.9113,185400,699,USD,0.41,0.36,0.05,13.8889,61144100
2022-07-29,25.99,26.72,25.94,26.64,25.6132,223800,702,USD,0.41,0.36,0.05,13.8889,61144100
2022-07-28,24.87,26.01,24.52,25.92,24.921,224600,703,USD,0.41,0.36,0.05,13.8889,61144100
2022-07-27,24.32,24.813,24.04,24.75,23.7961,238800,704,USD,0.41,0.36,0.05,13.8889,61144100
2022-07-26,24.71,24.995,24.04,24.13,23.2,272300,705,USD,0.41,0.36,0.05,13.8889,61144100
2022-07-25,24.76,24.98,24.24,24.79,23.8345,241600,706,USD,0.41,0.36,0.05,13.8889,61144100
2022-07-22,25.11,25.393,24.38,24.61,23.6615,280400,709,USD,0.41,0.36,0.05,13.8889,61144100
2022-07-21,25.0,25.16,24.185,25.12,24.1518,304700,710,USD,0.41,0.36,0.05,13.8889,61144100
2022-07-20,24.15,25.44,24.15,25.17,24.1999,391800,711,USD,0.41,0.36,0.05,13.8889,61144100
2022-07-19,23.55,24.17,23.17,24.16,23.2288,364100,712,USD,0.41,0.36,0.05,13.8889,61144100
2022-07-18,24.7,25.18,23.86,24.02,23.0942,261900,713,USD,0.41,0.36,0.05,13.8889,61144100
2022-07-15,24.05,24.44,23.52,24.3,23.3634,375000,716,USD,0.41,0.36,0.05,13.8889,61144100
2022-07-14,23.86,24.165,23.09,23.5,22.5943,550500,717,USD,0.41,0.36,0.05,13.8889,61144100
2022-07-13,24.73,25.32,24.05,24.32,23.3826,488000,718,USD,0.41,0.36,0.05,13.8889,61144100
2022-07-12,25.7,26.28,24.99,25.2,24.2287,514900,719,USD,0.41,0.36,0.05,13.8889,61144100
2022-07-11,27.18,27.18,25.51,25.77,24.7768,607100,720,USD,0.41,0.36,0.05,13.8889,61144100
2022-07-08,27.7,27.995,27.3,27.52,26.4593,423800,723,USD,0.41,0.36,0.05,13.8889,61144100
2022-07-07,27.32,28.15,27.01,27.7,26.6324,437300,724,USD,0.41,0.36,0.05,13.8889,61144100
2022-07-06,27.33,28.555,26.83,27.09,26.0459,140000,725,USD,0.41,0.36,0.05,13.8889,61144100
2022-07-05,26.27,27.41,25.55,27.4,26.3439,252300,726,USD,0.41,0.36,0.05,13.8889,61144100
2022-07-01,25.83,27.03,25.16,26.78,25.7478,320700,730,USD,0.41,0.36,0.05,13.8889,61144100
2022-06-30,25.72,26.31,25.03,26.03,25.0267,447000,731,USD,0.41,0.36,0.05,13.8889,61144100
2022-06-29,27.78,27.78,25.97,26.3,25.2863,527900,732,USD,0.38,0.4,-0.02,-5,53600300
2022-06-28,27.81,28.21,27.45,27.6,26.5362,381200,733,USD,0.38,0.4,-0.02,-5,53600300
2022-06-27,28.15,28.23,27.38,27.8,26.7285,421600,734,USD,0.38,0.4,-0.02,-5,53600300
2022-06-24,26.87,28.07,26.795,27.98,26.9016,1774100,737,USD,0.38,0.4,-0.02,-5,53600300
2022-06-23,26.48,26.72,25.951,26.5,25.4786,306300,738,USD,0.38,0.4,-0.02,-5,53600300
2022-06-22,25.98,26.78,25.935,26.29,25.2767,491600,739,USD,0.38,0.4,-0.02,-5,53600300
2022-06-21,26.52,27.31,26.03,26.3,25.2863,651900,740,USD,0.38,0.4,-0.02,-5,53600300
2022-06-17,25.68,26.93,25.32,26.1,25.094,803800,744,USD,0.38,0.4,-0.02,-5,53600300
2022-06-16,25.61,25.61,24.75,25.5,24.5172,437900,745,USD,0.38,0.4,-0.02,-5,53600300
2022-06-15,26.22,26.65,25.42,26.25,25.2383,790100,746,USD,0.38,0.4,-0.02,-5,53600300
2022-06-14,25.82,26.05,24.81,25.99,24.9883,626000,747,USD,0.38,0.4,-0.02,-5,53600300
2022-06-13,26.27,27.19,25.61,26.0,24.8075,997600,748,USD,0.38,0.4,-0.02,-5,53600300
2022-06-10,27.5,27.98,26.885,27.25,26.0002,522300,751,USD,0.38,0.4,-0.02,-5,53600300
2022-06-09,27.84,28.36,27.55,28.1,26.8112,535100,752,USD,0.38,0.4,-0.02,-5,53600300
2022-06-08,28.27,28.73,27.86,28.11,26.8208,209900,753,USD,0.38,0.4,-0.02,-5,53600300
2022-06-07,27.68,28.61,27.63,28.52,27.2119,325200,754,USD,0.38,0.4,-0.02,-5,53600300
2022-06-06,27.91,28.724,27.77,28.11,26.8208,238000,755,USD,0.38,0.4,-0.02,-5,53600300
2022-06-03,26.84,27.52,26.53,27.4,26.1433,359800,758,USD,0.38,0.4,-0.02,-5,53600300
2022-06-02,26.11,27.0,26.11,26.91,25.6758,457500,759,USD,0.38,0.4,-0.02,-5,53600300
2022-06-01,27.31,27.82,25.5,26.22,25.0174,281400,760,USD,0.38,0.4,-0.02,-5,53600300
2022-05-31,28.07,28.44,27.09,27.26,26.0097,535000,761,USD,0.38,0.4,-0.02,-5,53600300
2022-05-27,27.41,28.31,27.28,27.92,26.6395,454300,765,USD,0.38,0.4,-0.02,-5,53600300
2022-05-26,27.59,28.624,27.58,27.63,26.3628,320800,766,USD,0.38,0.4,-0.02,-5,53600300
2022-05-25,26.5,27.4,26.47,27.32,26.067,201900,767,USD,0.38,0.4,-0.02,-5,53600300
2022-05-24,26.74,27.18,25.42,26.64,25.4182,187700,768,USD,0.38,0.4,-0.02,-5,53600300
2022-05-23,26.1,27.24,25.66,27.21,25.962,317600,769,USD,0.38,0.4,-0.02,-5,53600300
2022-05-20,25.9,25.92,24.89,25.69,24.5117,194200,772,USD,0.38,0.4,-0.02,-5,53600300
2022-05-19,25.26,26.08,25.26,25.42,24.2541,224700,773,USD,0.38,0.4,-0.02,-5,53600300
2022-05-18,25.79,26.32,25.33,25.46,24.2923,233900,774,USD,0.38,0.4,-0.02,-5,53600300
2022-05-17,25.38,26.44,25.2,26.34,25.1319,206100,775,USD,0.38,0.4,-0.02,-5,53600300
2022-05-16,25.12,25.35,24.44,24.66,23.529,135700,776,USD,0.38,0.4,-0.02,-5,53600300
2022-05-13,24.38,25.42,24.38,25.3,24.1396,300600,779,USD,0.38,0.4,-0.02,-5,53600300
2022-05-12,22.99,24.38,22.39,23.76,22.6703,423400,780,USD,0.38,0.4,-0.02,-5,53600300
2022-05-11,24.25,24.6,23.01,23.16,22.0978,231800,781,USD,0.38,0.4,-0.02,-5,53600300
2022-05-10,25.14,26.73,23.89,24.38,23.2618,231100,782,USD,0.38,0.4,-0.02,-5,53600300
2022-05-09,24.56,26.21,24.22,24.61,23.4813,347200,783,USD,0.38,0.4,-0.02,-5,53600300
2022-05-06,25.51,25.635,24.71,25.02,23.8725,321000,786,USD,0.38,0.4,-0.02,-5,53600300
2022-05-05,26.47,26.75,24.765,25.65,24.4736,373700,787,USD,0.38,0.4,-0.02,-5,53600300
2022-05-04,26.55,26.981,25.675,26.78,25.5518,308000,788,USD,0.38,0.4,-0.02,-5,53600300
2022-05-03,26.46,26.77,25.53,26.41,25.1987,400100,789,USD,0.38,0.4,-0.02,-5,53600300
2022-05-02,25.71,27.678,25.37,26.5,25.2846,471300,790,USD,0.38,0.4,-0.02,-5,53600300
2022-04-29,26.53,26.95,25.435,25.62,24.445,239200,793,USD,0.38,0.4,-0.02,-5,53600300
2022-04-28,26.56,26.81,25.66,26.64,25.4182,291000,794,USD,0.38,0.4,-0.02,-5,53600300
2022-04-27,26.75,27.275,26.11,26.2,24.9984,355900,795,USD,0.38,0.4,-0.02,-5,53600300
2022-04-26,27.18,27.46,26.65,26.79,25.5613,293500,796,USD,0.38,0.4,-0.02,-5,53600300
2022-04-25,26.44,27.6,26.16,27.53,26.2674,239400,797,USD,0.38,0.4,-0.02,-5,53600300
2022-04-22,27.16,27.38,26.57,26.74,25.5136,136600,800,USD,0.38,0.4,-0.02,-5,53600300
2022-04-21,28.73,29.582,26.92,27.18,25.9334,222000,801,USD,0.38,0.4,-0.02,-5,53600300
2022-04-20,29.06,29.847,28.315,28.39,27.0879,140700,802,USD,0.38,0.4,-0.02,-5,53600300
2022-04-19,27.52,29.023,27.48,28.68,27.3646,225600,803,USD,0.38,0.4,-0.02,-5,53600300
2022-04-18,28.27,28.27,26.845,27.33,26.0765,546400,804,USD,0.38,0.4,-0.02,-5,53600300
2022-04-14,29.63,29.9,28.26,28.3,27.002,273900,808,USD,0.38,0.4,-0.02,-5,53600300
2022-04-13,29.07,29.63,29.03,29.43,28.0802,184100,809,USD,0.38,0.4,-0.02,-5,53600300
2022-04-12,29.98,30.4,28.89,29.21,27.8703,233400,810,USD,0.38,0.4,-0.02,-5,53600300
2022-04-11,29.75,30.24,29.35,29.61,28.252,168300,811,USD,0.38,0.4,-0.02,-5,53600300
2022-04-08,30.27,30.72,29.621,30.06,28.6813,233100,814,USD,0.38,0.4,-0.02,-5,53600300
2022-04-07,31.05,31.13,29.895,30.51,29.1107,297800,815,USD,0.38,0.4,-0.02,-5,53600300
2022-04-06,31.84,32.325,30.57,31.11,29.6832,239000,816,USD,0.38,0.4,-0.02,-5,53600300
2022-04-05,33.58,33.58,32.235,32.43,30.9426,164700,817,USD,0.38,0.4,-0.02,-5,53600300
2022-04-04,33.7,34.4,32.815,33.76,32.2116,183800,818,USD,0.38,0.4,-0.02,-5,53600300
2022-04-01,33.34,34.31,33.01,33.71,32.1639,189500,821,USD,0.38,0.4,-0.02,-5,53600300
2022-03-31,32.8,33.36,32.52,33.06,31.5437,210700,822,USD,0.38,0.4,-0.02,-5,53600300
2022-03-30,34.05,34.325,32.72,32.84,31.3338,182300,823,USD,0.42,0.35,0.07,20,61483200
2022-03-29,33.33,34.71,33.33,34.36,32.7841,197900,824,USD,0.42,0.35,0.07,20,61483200
2022-03-28,33.1,33.11,31.89,32.69,31.1907,194100,825,USD,0.42,0.35,0.07,20,61483200
2022-03-25,34.32,34.32,32.81,32.91,31.4006,185000,828,USD,0.42,0.35,0.07,20,61483200
2022-03-24,33.9,34.155,33.349,34.07,32.5074,178600,829,USD,0.42,0.35,0.07,20,61483200
2022-03-23,34.14,34.61,33.59,33.72,32.1735,161800,830,USD,0.42,0.35,0.07,20,61483200
2022-03-22,33.76,35.04,33.57,34.48,32.8986,182400,831,USD,0.42,0.35,0.07,20,61483200
2022-03-21,34.02,34.21,33.095,33.56,32.0208,192100,832,USD,0.42,0.35,0.07,20,61483200
2022-03-18,33.75,35.16,33.58,33.94,32.3834,997000,835,USD,0.42,0.35,0.07,20,61483200
2022-03-17,32.71,33.6,32.435,33.58,32.0399,159000,836,USD,0.42,0.35,0.07,20,61483200
2022-03-16,32.05,33.05,32.05,32.99,31.4769,230700,837,USD,0.42,0.35,0.07,20,61483200
2022-03-15,31.32,31.89,30.63,31.41,29.9694,198400,838,USD,0.42,0.35,0.07,20,61483200
2022-03-14,31.9,32.45,30.74,31.01,29.5877,277200,839,USD,0.42,0.35,0.07,20,61483200
2022-03-11,32.28,32.475,31.715,31.86,30.3988,159000,842,USD,0.42,0.35,0.07,20,61483200
2022-03-10,31.56,32.1,31.22,31.91,30.4465,136500,843,USD,0.42,0.35,0.07,20,61483200
2022-03-09,31.22,32.81,31.22,32.44,30.9522,203200,844,USD,0.42,0.35,0.07,20,61483200
2022-03-08,30.02,30.8,29.2,30.21,28.8244,234700,845,USD,0.42,0.35,0.07,20,61483200
2022-03-07,32.32,32.66,30.03,30.07,28.6909,286300,846,USD,0.42,0.35,0.07,20,61483200
2022-03-04,32.82,33.15,31.96,32.32,30.8377,233500,849,USD,0.42,0.35,0.07,20,61483200
2022-03-03,34.96,35.02,33.01,33.26,31.7346,176900,850,USD,0.42,0.35,0.07,20,61483200
2022-03-02,33.53,35.07,33.22,34.76,33.1658,295700,851,USD,0.42,0.35,0.07,20,61483200
2022-03-01,34.4,35.62,32.97,33.26,31.7346,258900,852,USD,0.42,0.35,0.07,20,61483200
2022-02-28,34.5,34.999,34.19,34.53,32.9463,241500,853,USD,0.42,0.35,0.07,20,61483200
2022-02-25,34.6,35.38,34.075,34.85,33.2516,215000,856,USD,0.42,0.35,0.07,20,61483200
2022-02-24,31.67,34.6,31.52,34.44,32.7187,291500,857,USD,0.42,0.35,0.07,20,61483200
2022-02-23,34.61,35.081,33.105,33.25,31.5882,322500,858,USD,0.42,0.35,0.07,20,61483200
2022-02-22,34.36,34.985,33.565,34.14,32.4337,352200,859,USD,0.42,0.35,0.07,20,61483200
2022-02-18,34.13,35.02,33.635,34.57,32.8422,228900,863,USD,0.42,0.35,0.07,20,61483200
2022-02-17,35.5,35.63,34.11,34.23,32.5192,228100,864,USD,0.42,0.35,0.07,20,61483200
2022-02-16,35.56,36.08,35.09,35.89,34.0963,323800,865,USD,0.42,0.35,0.07,20,61483200
2022-02-15,35.04,36.05,34.48,35.9,34.1058,481700,866,USD,0.42,0.35,0.07,20,61483200
2022-02-14,34.37,35.06,33.98,34.42,32.6997,248800,867,USD,0.42,0.35,0.07,20,61483200
2022-02-11,35.01,35.87,34.25,34.56,32.8327,443800,870,USD,0.42,0.35,0.07,20,61483200
2022-02-10,34.86,36.61,34.71,35.1,33.3458,520100,871,USD,0.42,0.35,0.07,20,61483200
2022-02-09,37.86,41.19,35.1,35.66,33.8778,846800,872,USD,0.42,0.35,0.07,20,61483200
2022-02-08,34.19,34.73,33.58,34.35,32.6332,291200,873,USD,0.42,0.35,0.07,20,61483200
2022-02-07,34.37,35.424,34.135,34.19,32.4812,382600,874,USD,0.42,0.35,0.07,20,61483200
2022-02-04,33.56,34.898,33.35,34.16,32.4527,228800,877,USD,0.42,0.35,0.07,20,61483200
2022-02-03,33.8,34.66,33.35,33.51,31.8352,231400,878,USD,0.42,0.35,0.07,20,61483200
2022-02-02,35.15,35.15,33.67,34.28,32.5667,245100,879,USD,0.42,0.35,0.07,20,61483200
2022-02-01,34.97,35.215,34.23,34.98,33.2318,461700,880,USD,0.42,0.35,0.07,20,61483200
2022-01-31,32.34,35.265,32.34,35.01,33.2603,447900,881,USD,0.42,0.35,0.07,20,61483200
2022-01-28,31.4,32.55,30.84,32.45,30.8282,424700,884,USD,0.42,0.35,0.07,20,61483200
2022-01-27,31.66,32.36,30.52,31.55,29.9732,659600,885,USD,0.42,0.35,0.07,20,61483200
2022-01-26,32.42,33.45,30.5,31.19,29.6312,562800,886,USD,0.42,0.35,0.07,20,61483200
2022-01-25,32.29,32.83,31.145,31.65,30.0682,636800,887,USD,0.42,0.35,0.07,20,61483200
2022-01-24,31.97,33.23,30.83,33.2,31.5407,527200,888,USD,0.42,0.35,0.07,20,61483200
2022-01-21,33.71,34.21,32.66,32.85,31.2082,603400,891,USD,0.42,0.35,0.07,20,61483200
2022-01-20,35.5,36.36,34.24,34.33,32.6142,216300,892,USD,0.42,0.35,0.07,20,61483200
2022-01-19,36.14,36.15,34.82,35.16,33.4028,289600,893,USD,0.42,0.35,0.07,20,61483200
2022-01-18,36.57,36.62,35.39,35.73,33.9443,480500,894,USD,0.42,0.35,0.07,20,61483200
2022-01-14,37.85,38.56,36.68,37.16,35.3028,320500,898,USD,0.42,0.35,0.07,20,61483200
2022-01-13,39.71,40.577,38.23,38.51,36.5853,286300,899,USD,0.42,0.35,0.07,20,61483200
2022-01-12,39.41,40.2,37.72,39.5,37.5259,325600,900,USD,0.42,0.35,0.07,20,61483200
2022-01-11,38.05,40.03,37.25,39.03,37.0793,224200,901,USD,0.42,0.35,0.07,20,61483200
2022-01-10,37.68,38.34,36.5,38.12,36.2148,263700,902,USD,0.42,0.35,0.07,20,61483200
2022-01-07,38.6,38.955,38.0,38.23,36.3193,280100,905,USD,0.42,0.35,0.07,20,61483200
2022-01-06,38.9,39.55,38.09,38.61,36.6803,366400,906,USD,0.42,0.35,0.07,20,61483200
2022-01-05,41.21,41.58,38.91,39.0,37.0508,306700,907,USD,0.42,0.35,0.07,20,61483200
2022-01-04,41.14,41.95,40.25,41.1,39.0459,267700,908,USD,0.42,0.35,0.07,20,61483200
2022-01-03,41.66,42.325,40.48,40.68,38.6469,225400,909,USD,0.42,0.35,0.07,20,61483200
